1,0.9923869689716167
2,0.9790701699355103
3,1.0350708609212456
4,0.9673683144973813
5,0.9969660952620014
6,0.9924997486775077
7,0.9585944152955018
8,1.0164071589249803
9,0.9616598496483879
10,0.9607562847418167
11,1.0357223060855127
12,0.9809612281035751
13,0.9437256594694617
14,1.0051385208730637
15,0.9900520042913581
16,1.0130502773718884
17,1.0213710177717097
18,0.975354005375602
19,1.0090898118942038
20,0.9836746107449632
21,0.9745271659418908
22,1.0343513721075521
23,0.9693790540484032
24,0.994144318364834
25,1.0093474177015787
26,0.9809772919179809
27,1.0157625142801854
28,0.9525183003380785
29,0.9570922728255956
30,1.000859385291272
31,1.0031373183088106
32,0.9657890427031404
1,0.9494827006879906
2,0.9596587912050198
3,1.0485326961656702
4,0.967351717031436
5,0.9900772336711614
6,0.9638214588841836
7,0.9166216804180883
8,1.0206738826001245
9,1.0015631608103994
10,0.9391147636353794
11,0.9927021340782414
12,1.019944284001771
13,0.9608991784551472
14,1.034318631788172
15,0.963496973877843
16,0.9735658408691896
17,0.9984435732800863
18,0.9935304577481316
19,1.0058926762355922
20,0.9775252364904294
21,0.9604964130857114
22,1.0242544668750813
23,0.9612445406370048
24,0.990505242624909
25,1.0066374433397405
26,0.9974665229480146
27,0.9956695590004263
28,0.9545822098789087
29,0.934533319464961
30,1.0067602013181485
31,0.9888047170007178
32,0.9891359595365489
1,0.9494827006879906
2,0.9596587912050198
3,1.0485326961656702
4,0.967351717031436
5,0.9900772336711614
6,0.9638214588841836
7,0.9166216804180883
8,1.0206738826001245
9,1.0015631608103994
10,0.9391147636353794
11,0.9927021340782414
12,1.019944284001771
13,0.9608991784551472
14,1.034318631788172
15,0.963496973877843
16,0.9735658408691896
17,0.9984435732800863
18,0.9935304577481316
19,1.0058926762355922
20,0.9775252364904294
21,0.9604964130857114
22,1.0242544668750813
23,0.9612445406370048
24,0.990505242624909
25,1.0066374433397405
26,0.9974665229480146
27,0.9956695590004263
28,0.9545822098789087
29,0.934533319464961
30,1.0067602013181485
31,0.9888047170007178
32,0.9891359595365489
1,0.9494827006879906
2,0.9596587912050198
3,1.0485326961656702
4,0.967351717031436
5,0.9900772336711614
6,0.9638214588841836
7,0.9166216804180883
8,1.0206738826001245
9,1.0015631608103994
10,0.9391147636353794
11,0.9927021340782414
12,1.019944284001771
13,0.9608991784551472
14,1.034318631788172
15,0.963496973877843
16,0.9735658408691896
17,0.9984435732800863
18,0.9935304577481316
19,1.0058926762355922
20,0.9775252364904294
21,0.9604964130857114
22,1.0242544668750813
23,0.9612445406370048
24,0.990505242624909
25,1.0066374433397405
26,0.9974665229480146
27,0.9956695590004263
28,0.9545822098789087
29,0.934533319464961
30,1.0067602013181485
31,0.9888047170007178
32,0.9891359595365489
1,0.9684532265407582
2,0.9816135159088268
3,0.986266163858993
4,0.9687460900302547
5,0.9947660877499208
6,0.9808590769114055
7,0.9964263995003269
8,1.0061657451291766
9,0.9713690223844175
10,0.9793009901199932
11,0.9863458865827294
12,0.9891034681939065
13,0.9682731943234432
14,0.9951906723565183
15,1.016911965069232
16,0.9851052840982912
17,0.9928680401694262
18,0.9879473211712698
19,0.9775992335491501
20,0.9795593532951663
21,0.9789630354746512
22,0.9991954815484083
23,0.9801596828260355
24,1.0073787328358477
25,0.991748137082506
26,0.972862793636029
27,0.9989947833479471
28,0.9825979995468821
29,0.9858281994986026
30,0.9936314650052275
31,0.9969243379078115
32,0.9839266586954982
1,0.9749018598646968
2,0.9703745596814384
3,0.9809152503175358
4,0.9904444665702294
5,0.982170828400573
6,0.9851617059196551
7,0.9771735587772135
8,0.9830703608759339
9,0.9809345951748323
10,0.9790652861397636
11,0.9769742620624755
12,0.987915915588357
13,1.084211108044241
14,0.9829512111460925
15,0.985703997047058
16,0.9849830252208747
17,0.9824067925497895
18,0.973784946618977
19,0.9878200828438684
20,0.9811981383257731
21,0.9716668511513172
22,0.9809886360714133
23,0.9757566109067708
24,0.9842273663702394
25,0.9818497234247467
26,0.9692816394871089
27,0.9864753519445539
28,0.9824929492226762
29,0.9881079203859267
30,0.9850097429130319
31,0.9786135391712465
32,0.9725852017260246
1,1.0061418564800446
2,0.9569408045906769
3,0.9697926101990209
4,0.9788192865809876
5,0.9772853124696145
6,0.9828724856838417
7,0.9488612578462448
8,0.9882326440196435
9,0.9762081383031648
10,0.9865203507266644
11,0.9633517932694129
12,0.9781119172236931
13,0.9784887394400872
14,0.9901355748298488
15,0.9856576282451457
16,0.9955083015729084
17,0.986920083887218
18,0.972246687257466
19,0.9691220065115141
20,0.9549708520909839
21,0.9747802359495322
22,0.9454360592220127
23,0.9581311013494505
24,0.9809256503622994
25,0.9687661732127888
26,0.9992091518592392
27,0.9819945392237563
28,0.9486740316329673
29,0.9593745042620221
30,0.9717663358206506
31,0.9733193449545011
32,1.0033711632419087
1,1.3744759708991234
2,0.9854298257756013
3,0.9806305951050627
4,0.9838152548246015
5,0.9843359564695027
6,0.9841355700823718
7,0.9816633261859217
8,0.9877304335985404
9,0.9738347272845177
10,0.9824187305062462
11,0.9680479286269679
12,0.9891519675145488
13,0.9883605809983681
14,0.9763863355228576
15,0.9760504815993303
16,0.9804993915409875
17,0.9849686372843504
18,0.9918023153133263
19,0.9908277274552283
20,0.9792900585921018
21,0.9848583979357413
22,0.9899887321597147
23,0.9918725793927436
24,0.9756856778728652
25,0.9813250652150756
26,0.9886691234840007
27,0.9900817779917335
28,0.9817439351170454
29,0.9831781087391517
30,0.9856086938675271
31,0.9876598010457978
32,0.9835365779918918
