1,0.3623223158121648
2,0.35296572819678734
3,0.34782333895136935
4,0.3409461271793409
5,0.3489743904484176
6,0.36151855317944814
7,0.34569898300134416
8,0.3551995592257833
9,0.35301524403123374
10,0.35004023570434084
11,0.3481496242631422
12,0.349439784775159
13,0.3443009312331867
14,0.36271375032108855
15,0.3354011632090601
16,0.3379398493157196
17,0.3536205916231773
18,0.3637947678429052
19,0.34805922337125306
20,0.3607110537272487
21,0.35333946292224805
22,0.34959564850422103
23,0.3345335031628391
24,0.3427936070034895
25,0.33421050015233866
26,0.33757560767533523
27,0.34480361505490786
28,0.366164182121677
29,0.33954214187395493
30,0.3577590096544788
31,0.3586483652888032
32,0.3431048127532659
1,0.35154137425935345
2,0.3486367761674169
3,0.3541441806884521
4,0.347971301883314
5,0.36591457132023475
6,0.35921269241895387
7,0.3401931319367003
8,0.3512786135863132
9,0.36415134497696056
10,0.358209797332251
11,0.34580467701169054
12,0.3451399740484805
13,0.35136780537684087
14,0.35738417914135534
15,0.3387289524618315
16,0.34311013177514327
17,0.35445116840751323
18,0.3735058165517832
19,0.3507390206798654
20,0.3647029432848798
21,0.3425035506568178
22,0.34440237731390566
23,0.332227752445279
24,0.3562250826531008
25,0.33539993386821393
26,0.3323941806955478
27,0.3537580128605958
28,0.36671628368690146
29,0.32667233401612417
30,0.36395453244914777
31,0.35549646362035964
32,0.3529603583932883
1,0.35154137425935345
2,0.3486367761674169
3,0.3541441806884521
4,0.347971301883314
5,0.36591457132023475
6,0.35921269241895387
7,0.3401931319367003
8,0.3512786135863132
9,0.36415134497696056
10,0.358209797332251
11,0.34580467701169054
12,0.3451399740484805
13,0.35136780537684087
14,0.35738417914135534
15,0.3387289524618315
16,0.34311013177514327
17,0.35445116840751323
18,0.3735058165517832
19,0.3507390206798654
20,0.3647029432848798
21,0.3425035506568178
22,0.34440237731390566
23,0.332227752445279
24,0.3562250826531008
25,0.33539993386821393
26,0.3323941806955478
27,0.3537580128605958
28,0.36671628368690146
29,0.32667233401612417
30,0.36395453244914777
31,0.35549646362035964
32,0.3529603583932883
1,0.35154137425935345
2,0.3486367761674169
3,0.3541441806884521
4,0.347971301883314
5,0.36591457132023475
6,0.35921269241895387
7,0.3401931319367003
8,0.3512786135863132
9,0.36415134497696056
10,0.358209797332251
11,0.34580467701169054
12,0.3451399740484805
13,0.35136780537684087
14,0.35738417914135534
15,0.3387289524618315
16,0.34311013177514327
17,0.35445116840751323
18,0.3735058165517832
19,0.3507390206798654
20,0.3647029432848798
21,0.3425035506568178
22,0.34440237731390566
23,0.332227752445279
24,0.3562250826531008
25,0.33539993386821393
26,0.3323941806955478
27,0.3537580128605958
28,0.36671628368690146
29,0.32667233401612417
30,0.36395453244914777
31,0.35549646362035964
32,0.3529603583932883
1,0.3469606216315217
2,0.35097561852338344
3,0.35330778345031355
4,0.35511933848083566
5,0.35705658833379933
6,0.35594514061906635
7,0.3564448981605251
8,0.3513858850681755
9,0.3511359149345964
10,0.3479188337986491
11,0.34847244069381345
12,0.348371036625725
13,0.35336272789232015
14,0.3588183655044218
15,0.3533619663929387
16,0.34740918794801207
17,0.3622243273032817
18,0.3579918449193068
19,0.3492610324286372
20,0.3579375180105206
21,0.3471124108634391
22,0.3457657734614718
23,0.34459630528090746
24,0.35042070563483396
25,0.3396773431227737
26,0.33783400800662877
27,0.3489384495838507
28,0.3558344386898324
29,0.3485801001720485
30,0.3698982571558549
31,0.3577249291498833
32,0.35463915317366157
1,0.35253102070496545
2,0.35011462462607346
3,0.35249600131014674
4,0.35378208026834124
5,0.3565382665236244
6,0.3538853108540809
7,0.3529800104967191
8,0.3489854897081696
9,0.35541685914998233
10,0.34939270064967726
11,0.3519132235244745
12,0.3499880180646277
13,0.3597836250697308
14,0.3537514980193873
15,0.34996550756866357
16,0.35048062016217507
17,0.355249900511443
18,0.35178482400998323
19,0.34878798567723984
20,0.352372901701128
21,0.3488443776218122
22,0.34937414723160387
23,0.35112297235927586
24,0.34709103720124845
25,0.34615558146235287
26,0.3531018244335128
27,0.35204714673671855
28,0.34865405461223486
29,0.3518036050356764
30,0.3535932997499519
31,0.35274482939163654
32,0.35098492040714935
1,0.7449384891270533
2,0.34916580384480633
3,0.3537309886590635
4,0.35085173554529203
5,0.3675100407284755
6,0.3435456458251516
7,0.3558001975089974
8,0.35345634738335197
9,0.3596185986177073
10,0.34667506106901874
11,0.36275291245683877
12,0.34901300305456695
13,0.3484576385342192
14,0.3418266400024909
15,0.3477876092566472
16,0.362962530988185
17,0.3523198139664502
18,0.35429027367592586
19,0.3441176477655726
20,0.3512892879121418
21,0.3456528986178694
22,0.35005562398114975
23,0.3515476731321283
24,0.34911511210960444
25,0.3507359914653645
26,0.3480630488076687
27,0.35434711565172844
28,0.35416610124104125
29,0.34410886188145307
30,0.36539200207185213
31,0.3473539926114961
32,0.34360880978220043
1,0.4505619913923177
2,0.34919694304211707
3,0.3482401733680706
4,0.35072409896432166
5,0.3505775972884773
6,0.35303627647092395
7,0.35108628821423166
8,0.3496991285219441
9,0.35596643476278333
10,0.35372238468511025
11,0.3523552977069671
12,0.34869384489661853
13,0.3533918676410671
14,0.34941543791202445
15,0.3538472436925448
16,0.34744028878310035
17,0.3515199035417139
18,0.353622828916536
19,0.3485892082775165
20,0.35203177857834445
21,0.3530518401603748
22,0.35039179700376344
23,0.3547297175121098
24,0.34673826213273107
25,0.35236549248424415
26,0.3503850904405544
27,0.3531502381867224
28,0.3539758206652362
29,0.35017283137393984
30,0.34720285257508865
31,0.35229941717935614
32,0.3514090184972333
