28,2.987016671996152
29,2.987016671996152
30,2.946793808531571
31,2.987016671996152
32,2.946793808531571
1,3.1076852623898956
2,3.168074797396761
3,2.946793808531571
4,3.0272395354607333
5,2.946793808531571
6,2.946793808531571
7,2.946793808531571
8,2.946793808531571
9,2.946793808531571
10,3.1076852623898956
11,3.0272395354607338
12,3.100446191392952
13,3.1808919183221143
14,2.946793808531571
15,2.946793808531571
16,2.946793808531571
17,2.946793808531571
18,2.946793808531571
19,3.0272395354607333
20,3.0272395354607333
21,2.946793808531571
22,2.946793808531571
23,2.946793808531571
24,2.946793808531571
25,2.946793808531571
26,3.0272395354607338
27,2.946793808531571
28,2.946793808531571
29,3.0272395354607333
30,2.946793808531571
31,2.946793808531571
32,2.946793808531571
1,3.1076852623898956
2,3.168074797396761
3,2.946793808531571
4,3.0272395354607333
5,2.946793808531571
6,2.946793808531571
7,2.946793808531571
8,2.946793808531571
9,2.946793808531571
10,3.1076852623898956
11,3.0272395354607338
12,3.100446191392952
13,3.1808919183221143
14,2.946793808531571
15,2.946793808531571
16,2.946793808531571
17,2.946793808531571
18,2.946793808531571
19,3.0272395354607333
20,3.0272395354607333
21,2.946793808531571
22,2.946793808531571
23,2.946793808531571
24,2.946793808531571
25,2.946793808531571
26,3.0272395354607338
27,2.946793808531571
28,2.946793808531571
29,3.0272395354607333
30,2.946793808531571
31,2.946793808531571
32,2.946793808531571
1,3.1076852623898956
2,3.168074797396761
3,2.946793808531571
4,3.0272395354607333
5,2.946793808531571
6,2.946793808531571
7,2.946793808531571
8,2.946793808531571
9,2.946793808531571
10,3.1076852623898956
11,3.0272395354607338
12,3.100446191392952
13,3.1808919183221143
14,2.946793808531571
15,2.946793808531571
16,2.946793808531571
17,2.946793808531571
18,2.946793808531571
19,3.0272395354607333
20,3.0272395354607333
21,2.946793808531571
22,2.946793808531571
23,2.946793808531571
24,2.946793808531571
25,2.946793808531571
26,3.0272395354607338
27,2.946793808531571
28,2.946793808531571
29,3.0272395354607333
30,2.946793808531571
31,2.946793808531571
32,2.946793808531571
1,2.9789720993032365
2,2.9910500063046097
3,3.0358601845953395
4,2.9789720993032365
5,3.007139151690442
6,2.9467938085315715
7,2.9775242851038475
8,2.977524285103848
9,2.962882953917404
10,3.040433052447789
11,2.962882953917404
12,2.99361343048968
13,2.99361343048968
14,3.1554161727891965
15,2.962882953917404
16,2.9910500063046097
17,2.9628829539174037
1,2.9789720993032365
2,2.9910500063046097
3,3.0358601845953395
4,2.9789720993032365
5,3.007139151690442
6,2.9467938085315715
1,2.9789720993032365
2,2.9910500063046097
3,3.0358601845953395
4,2.9789720993032365
5,3.007139151690442
6,2.9467938085315715
7,2.9775242851038475
8,2.977524285103848
9,2.962882953917404
10,3.040433052447789
11,2.962882953917404
12,2.99361343048968
13,2.99361343048968
14,3.1554161727891965
15,2.962882953917404
16,2.9910500063046097
17,2.9628829539174037
18,2.9467938085315715
19,3.0404330524477885
20,3.007139151690442
21,2.962882953917404
22,2.9628829539174037
23,2.9467938085315715
24,2.9910500063046093
25,2.9467938085315715
26,2.9789720993032365
27,2.9467938085315715
28,2.9950612446890688
29,2.9789720993032365
30,2.9775242851038475
31,2.9789720993032365
32,2.9628829539174037
1,2.9972100088527243
2,2.9898997528259383
3,3.013155054127046
4,2.9790224431592347
5,2.9902777445002244
6,2.9713063421993633
7,3.008073699752954
8,2.976107979163781
9,3.006506175677846
10,2.978343780253271
11,2.9762822932240436
12,2.9689667272930893
13,3.090729224937124
14,2.996762334743925
15,3.0043182824856673
16,3.0428501113639363
17,3.026068122863636
18,2.9798823251017104
19,3.004969707858682
20,2.992077162864815
21,2.9790281529869995
22,2.9768392931369103
23,2.9945134569636194
24,2.9922257489657373
25,2.971306342199363
26,2.987990036502342
27,2.98045717419089
28,2.9996189497644243
29,2.9911307214664506
30,2.9566233034290623
31,2.9782213731014
32,2.973994585226162
1,3.326124450398008
2,2.977524285103848
3,2.9467938085315715
4,2.9467938085315715
5,3.0232282970762747
6,2.962882953917404
7,2.9467938085315715
8,2.9467938085315715
9,3.0097025758755125
10,2.9789720993032365
11,2.9467938085315715
12,2.9789720993032365
13,2.9628829539174037
14,2.9789720993032365
15,2.978972099303236
16,3.007139151690442
17,2.9910500063046097
18,2.962882953917404
19,2.9789720993032365
20,2.962882953917404
21,2.977524285103848
22,3.317187220231868
23,2.9467938085315715
24,2.99361343048968
25,3.0994177415127084
26,2.9789720993032365
27,3.0826798065534478
28,2.99361343048968
29,2.962882953917404
30,2.9910500063046097
31,2.9467938085315715
32,2.9789720993032365
1,3.2203823763334434
2,3.011027406334648
3,2.9820217871356536
4,2.999169312933226
5,2.9723433992556507
6,2.9970274215900115
7,2.988874119110395
8,2.969663348086278
9,2.965521657314814
10,2.971615525577804
11,2.969128516301684
12,2.9921468038544825
13,3.001814544408215
14,2.993627366304169
15,2.9757572163492685
16,2.980518656260571
17,2.9775163519475427
18,3.0040147050144244
19,2.993434324410917
20,2.9983818044670034
21,2.9955795437956945
22,2.9714667775797134
23,2.998542173812486
24,2.996236585082225
25,2.9678599185928434
26,3.002123975900147
27,3.0131296617998546
28,2.9895110465802714
29,2.9801768663692285
30,2.9836840842795582
31,2.9862575988321356
32,2.994260680667081
