1,0.5270085951577017
2,0.4922674290195381
3,0.5071199408663944
4,0.4854639323501584
5,0.5101508677299061
6,0.516471281593466
7,0.490157464329421
8,0.4678773329065449
9,0.48458165343244763
10,0.5022872820789882
11,0.48934626784564195
12,0.5008483218263646
13,0.49759086576331807
14,0.4901508794238494
15,0.4864469785519955
16,0.4971511207145982
17,0.5103437399570523
18,0.4725793799452078
19,0.4970695192722594
20,0.5070558482332679
21,0.49597177356873784
22,0.48793218755415646
23,0.47440319403198244
24,0.4963450672200339
25,0.4889988794502014
26,0.49583343914142264
27,0.4960935777928468
28,0.5035145513144643
29,0.48878067867402164
30,0.4956815393962186
31,0.5095817303504799
32,0.4816227634967143
1,0.5111973048461821
2,0.47293558293127785
3,0.5398896001801463
4,0.48855235775407235
5,0.5346834406145171
6,0.5249383992186365
7,0.4838038429591236
8,0.47410333290231904
9,0.4874780264337523
10,0.51251343223226
11,0.4796784062666678
12,0.5140785503122575
13,0.49419483000132125
14,0.4868451049048108
15,0.4861418431315518
16,0.4827298601916642
17,0.5246834109334616
18,0.4823122758571648
19,0.5078759251895423
20,0.512447625572946
21,0.476240278055191
22,0.49450520194469755
23,0.48109126692164433
24,0.5109020772535791
25,0.5090406094267954
26,0.49866451588443406
27,0.49400211373914443
28,0.5022691947825684
29,0.47291216580925877
30,0.484785082778971
31,0.5130999681777927
32,0.4845540404036536
1,0.5111973048461821
2,0.47293558293127785
3,0.5398896001801463
4,0.48855235775407235
5,0.5346834406145171
6,0.5249383992186365
7,0.4838038429591236
8,0.47410333290231904
9,0.4874780264337523
10,0.51251343223226
11,0.4796784062666678
12,0.5140785503122575
13,0.49419483000132125
14,0.4868451049048108
15,0.4861418431315518
16,0.4827298601916642
17,0.5246834109334616
18,0.4823122758571648
19,0.5078759251895423
20,0.512447625572946
21,0.476240278055191
22,0.49450520194469755
23,0.48109126692164433
24,0.5109020772535791
25,0.5090406094267954
26,0.49866451588443406
27,0.49400211373914443
28,0.5022691947825684
29,0.47291216580925877
30,0.484785082778971
31,0.5130999681777927
32,0.4845540404036536
1,0.5111973048461821
2,0.47293558293127785
3,0.5398896001801463
4,0.48855235775407235
5,0.5346834406145171
6,0.5249383992186365
7,0.4838038429591236
8,0.47410333290231904
9,0.4874780264337523
10,0.51251343223226
11,0.4796784062666678
12,0.5140785503122575
13,0.49419483000132125
14,0.4868451049048108
15,0.4861418431315518
16,0.4827298601916642
17,0.5246834109334616
18,0.4823122758571648
19,0.5078759251895423
20,0.512447625572946
21,0.476240278055191
22,0.49450520194469755
23,0.48109126692164433
24,0.5109020772535791
25,0.5090406094267954
26,0.49866451588443406
27,0.49400211373914443
28,0.5022691947825684
29,0.47291216580925877
30,0.484785082778971
31,0.5130999681777927
32,0.4845540404036536
1,0.5040164368111667
2,0.5009077648526421
3,0.4940757680790007
4,0.4988113770736834
5,0.520331302025528
6,0.5042829311202047
7,0.49991634333500123
8,0.4803424103609423
9,0.5000502993479354
10,0.49328506141147155
11,0.49054203156789705
12,0.49454692216527596
13,0.4987148457266719
14,0.4960831723251862
15,0.5040227476348899
16,0.5011857116225948
17,0.5066992873679284
18,0.47829680545484
19,0.49674398289302274
20,0.4976166791012723
21,0.4889333699751103
22,0.4943078358657817
23,0.4914081036429764
24,0.5062338207579333
25,0.4829970781862478
26,0.4943869588136578
27,0.4863596790613588
28,0.49930136927266017
29,0.4971101938122189
30,0.5104783467234596
31,0.5057504529391161
32,0.4921215301526158
1,0.5005511245029164
2,0.4919169256292719
3,0.4963340417518431
4,0.49706675319682814
5,0.5017341332619398
6,0.5000249948750848
7,0.4938328450472934
8,0.48983122894443276
9,0.4973215927099915
10,0.4927907289052431
11,0.49460870306635496
12,0.4950429808018118
13,0.5169254902420147
14,0.4960657987217606
15,0.4971764680877654
16,0.4927968250087578
17,0.4993012991204224
18,0.4899556308178555
19,0.4937398897733444
20,0.4981383253975806
21,0.49198168751960325
22,0.4954997957200722
23,0.4995314220276054
24,0.49503133459554804
25,0.49297945268377286
26,0.49753601250831964
27,0.4940916332672355
28,0.49207231734415036
29,0.49810230010134615
30,0.4966547335899373
31,0.5046048856262381
32,0.49659468811377677
1,0.4953642575145059
2,0.49698602836717143
3,0.4906096959439264
4,0.49343144965617797
5,0.4845657900594421
6,0.5105411752596615
7,0.4842930692275614
8,0.48979570880667395
9,0.4971421964113986
10,0.49943878613599757
11,0.49903840903367963
12,0.48323511176726586
13,0.4841411015733995
14,0.49214408048643665
15,0.4904083242027671
16,0.49491860998266135
17,0.5047575031727527
18,0.5109580114719894
19,0.48778315825933316
20,0.5049940185024762
21,0.4791447551232668
22,0.5013101730053255
23,0.49741371076558655
24,0.5009066708915586
25,0.501327854842511
26,0.4948451289685264
27,0.4964721601295027
28,0.48818395909067896
29,0.49755657058729535
30,0.49986253312681067
31,0.5013509064489295
32,0.4826912528987668
1,0.6101097264776092
2,0.4977363793762313
3,0.4974064368094971
4,0.4970747265733999
5,0.4931456955261024
6,0.49066616834895893
7,0.4976843017733263
8,0.4979763009176327
9,0.4940990301323452
10,0.49563324129452135
11,0.48885441247765604
12,0.4960095623179408
13,0.4952107610274689
14,0.4985307060676011
15,0.49082605198729234
16,0.49556506443960086
17,0.5015905267882043
18,0.4884784117767248
19,0.49951233333321016
20,0.4943735610466397
21,0.498433832997571
22,0.4995010187669242
23,0.4947212772515179
24,0.49651662684195874
25,0.49956433198998174
26,0.49609521495820863
27,0.49118068572410434
28,0.5009582334044237
29,0.4986061300264591
30,0.4968102819513441
31,0.4978655751068135
32,0.49899932545882575
