1,1.8746986832032084
2,1.8986793820121464
3,1.8506507957656266
4,1.874583355721597
5,1.8232149630294816
6,1.9380827747966047
7,1.7675676610341033
8,1.8521753173621867
9,1.824532631188855
10,1.9226258733424895
11,1.9276225811733265
12,1.9017851780118358
13,1.928022037632613
14,1.93879422325596
15,1.7980337276400418
16,1.9652383274714613
17,1.9523538228383508
18,1.862194610518923
19,1.8700428393161561
20,1.8594243924979437
21,1.9029378801173507
22,1.9163828560397933
23,1.9283780032944855
24,1.9031306718234167
25,1.9932461100377181
26,1.9003372719522484
27,1.8409450157271863
28,1.9238618110200305
29,1.7965866962537071
30,1.9311283409550213
31,1.8755306919573325
32,1.8600644530231625
1,1.8675720100403952
2,1.9303793573711006
3,1.908998369253951
4,1.8329803320515
5,1.7600083074042197
6,1.8639146573173608
7,1.7978982084727089
8,1.9241365552189205
9,1.8238272015007921
10,2.0042844804994138
11,1.9720270272651983
12,1.9472703522634824
13,1.9233905881182891
14,1.8554327249141167
15,1.7817643473512788
16,1.9651913573349304
17,2.005752184379796
18,1.8578317071928923
19,1.89659594899747
20,1.8640417726608356
21,1.7803561528767378
22,2.000699491788528
23,1.8299473445615604
24,1.8412366550091785
25,1.987430778318861
26,1.8720101987110738
27,1.8069282193305964
28,1.9747216774441247
29,1.737038668235781
30,1.898485977602523
31,1.8412366550091785
32,1.8232590395617598
1,1.8675720100403952
2,1.9303793573711006
3,1.908998369253951
4,1.8329803320515
5,1.7600083074042197
6,1.8639146573173608
7,1.7978982084727089
8,1.9241365552189205
9,1.8238272015007921
10,2.0042844804994138
11,1.9720270272651983
12,1.9472703522634824
13,1.9233905881182891
14,1.8554327249141167
15,1.7817643473512788
16,1.9651913573349304
17,2.005752184379796
18,1.8578317071928923
19,1.89659594899747
20,1.8640417726608356
21,1.7803561528767378
22,2.000699491788528
23,1.8299473445615604
24,1.8412366550091785
25,1.987430778318861
26,1.8720101987110738
27,1.8069282193305964
28,1.9747216774441247
29,1.737038668235781
30,1.898485977602523
31,1.8412366550091785
32,1.8232590395617598
1,1.8675720100403952
2,1.9303793573711006
3,1.908998369253951
4,1.8329803320515
5,1.7600083074042197
6,1.8639146573173608
7,1.7978982084727089
8,1.9241365552189205
9,1.8238272015007921
10,2.0042844804994138
11,1.9720270272651983
12,1.9472703522634824
13,1.9233905881182891
14,1.8554327249141167
15,1.7817643473512788
16,1.9651913573349304
17,2.005752184379796
18,1.8578317071928923
19,1.89659594899747
20,1.8640417726608356
21,1.7803561528767378
22,2.000699491788528
23,1.8299473445615604
24,1.8412366550091785
25,1.987430778318861
26,1.8720101987110738
27,1.8069282193305964
28,1.9747216774441247
29,1.737038668235781
30,1.898485977602523
31,1.8412366550091785
32,1.8232590395617598
1,1.8502596064759065
2,1.8501029992350486
3,1.843557664733663
4,1.8932125585791248
5,1.8520079900068886
6,1.897823497118584
7,1.8350505496448555
8,1.8434264331478052
9,1.872842531372981
10,1.8552023865393856
11,1.8809916367224246
12,1.9450553696968373
13,1.8971535582046937
14,1.9320475591558253
15,1.8799271720081898
16,1.873123584986032
17,1.8900965303842967
18,1.8457697844771115
19,1.8397125740096634
20,1.850391088805225
21,1.920618898163477
22,1.8588602773762068
23,1.9195928373435127
24,1.8621891426520694
25,1.925003120806719
26,1.8785094184692077
27,1.8380643060325081
28,1.9062771854740266
29,1.8811256356255552
30,1.889842498124987
31,1.8370587833105136
32,1.881181900202821
1,1.8676765924957246
2,1.8808086222174907
3,1.867263514952282
4,1.881011055661061
5,1.8645890909933782
6,1.8851679711315712
7,1.8749235813296266
8,1.8544915163933455
9,1.867187658552257
10,1.8737412093898849
11,1.8759731061612537
12,1.8877367953184954
13,2.0459468157432106
14,1.8933632378365584
15,1.8798363087219878
16,1.8957628969788929
17,1.8937759904060136
18,1.8780720813206004
19,1.8662764275493282
20,1.8786672972699268
21,1.8976226197271815
22,1.8815233332713452
23,1.8774833569013682
24,1.8773271217505627
25,1.8890608687937673
26,1.887104047273756
27,1.8392865043790643
28,1.8880589799874585
29,1.8927490552090926
30,1.8713336757463552
31,1.861811678132069
32,1.8839311055304337
1,1.950762934225655
2,1.896451105786286
3,1.8488357180001298
4,1.9006202527015383
5,1.9095620077720281
6,1.9414298754989328
7,1.9585327182877144
8,1.841606928032909
9,1.8352584103852343
10,1.8307020913134544
11,1.9184375361516637
12,1.8633132057291615
13,1.9035241026964247
14,1.8701336494876184
15,1.8358661798030014
16,1.854249642961781
17,1.8574571399883386
18,1.87573732440217
19,1.896442986530268
20,1.8836537324623683
21,1.8960366612048296
22,1.9879820341680894
23,1.8648698555906904
24,1.9664548888684799
25,1.908311224131203
26,1.863315068311405
27,1.8684950345786053
28,1.8849154051254309
29,1.848036145690515
30,1.8063553950188473
31,1.8674122093591368
32,1.8851099667665197
1,2.241303608967289
2,1.8971310277614415
3,1.8918711470060772
4,1.891748827388432
5,1.9038136266913224
6,1.8949625987788241
7,1.8644998934614234
8,1.8752431479886158
9,1.8907177132553095
10,1.862666498893822
11,1.8723840674890364
12,1.8907527756232423
13,1.8696424558357687
14,1.900771597954841
15,1.8525530447987528
16,1.8672086007810629
17,1.8816639784113582
18,1.8637596250635298
19,1.887244246290198
20,1.8865072108728327
21,1.875777385927118
22,1.878928898649195
23,1.8805807539569583
24,1.8834449005966742
25,1.868861133210693
26,1.874915700379081
27,1.897663289182555
28,1.8569797172639346
29,1.8920997953893068
30,1.8575582354261693
31,1.8792513894728609
32,1.8677618649298067
