1,2.5368447630438666
2,2.450070872383834
3,2.3876740238857543
4,2.438163306158714
5,2.3876740238857543
6,2.7660923216575624
7,2.4119466063570156
8,2.4634079472951935
9,2.4005536487760923
10,2.6548413406933222
11,2.4732098377389944
12,2.476802180829728
13,2.4868129307919293
14,2.6631181373497057
15,2.3747943989954163
16,2.523965138153528
17,2.512057571928409
18,2.4615682896554496
19,2.4377058561376916
20,2.5227270613467354
21,2.552816280206938
22,2.5239651381535286
23,2.4377058561376916
24,2.45058548102803
25,2.5284392380449843
26,2.425798289912572
27,2.4005536487760923
28,2.5102179142886647
29,2.4005536487760923
30,2.67015609209641
31,2.548752329268986
32,2.487223079745433
1,2.5015322133220113
2,2.4490988137186154
3,2.4005536487760923
4,2.451042931049052
5,2.3747943989954163
6,2.5263765630606434
7,2.3747943989954163
8,2.451042931049052
9,2.4005536487760923
10,2.742236410394782
11,2.545866026701896
12,2.476802180829728
13,2.548342180315482
14,2.451042931049052
15,2.3747943989954163
16,2.622646595038681
17,2.522582930534806
18,2.451042931049052
19,2.4748580634992914
20,2.4748580634992914
21,2.4720936482618465
22,2.525347345772251
23,2.3747943989954163
24,2.4490988137186154
25,2.4490988137186154
26,2.4263128985567683
27,2.4005536487760923
28,2.497852898042523
29,2.4005536487760923
30,2.5520214955949707
31,2.597916562546398
32,2.451042931049052
1,2.5015322133220113
2,2.4490988137186154
3,2.4005536487760923
4,2.451042931049052
5,2.3747943989954163
6,2.5263765630606434
7,2.3747943989954163
8,2.451042931049052
9,2.4005536487760923
10,2.742236410394782
11,2.545866026701896
12,2.476802180829728
13,2.548342180315482
14,2.451042931049052
15,2.3747943989954163
16,2.622646595038681
17,2.522582930534806
18,2.451042931049052
19,2.4748580634992914
20,2.4748580634992914
21,2.4720936482618465
22,2.525347345772251
23,2.3747943989954163
24,2.4490988137186154
25,2.4490988137186154
26,2.4263128985567683
27,2.4005536487760923
28,2.497852898042523
29,2.4005536487760923
30,2.5520214955949707
31,2.597916562546398
32,2.451042931049052
1,2.5015322133220113
2,2.4490988137186154
3,2.4005536487760923
4,2.451042931049052
5,2.3747943989954163
6,2.5263765630606434
7,2.3747943989954163
8,2.451042931049052
9,2.4005536487760923
10,2.742236410394782
11,2.545866026701896
12,2.476802180829728
13,2.548342180315482
14,2.451042931049052
15,2.3747943989954163
16,2.622646595038681
17,2.522582930534806
18,2.451042931049052
19,2.4748580634992914
20,2.4748580634992914
21,2.4720936482618465
22,2.525347345772251
23,2.3747943989954163
24,2.4490988137186154
25,2.4490988137186154
26,2.4263128985567683
27,2.4005536487760923
28,2.497852898042523
29,2.4005536487760923
30,2.5520214955949707
31,2.597916562546398
32,2.451042931049052
1,2.483720883153006
2,2.440167427662286
3,2.442882479702584
4,2.4557830940898304
5,2.4700950370092434
6,2.6004015094469857
7,2.472787225600272
8,2.4504482641252867
9,2.4837510840444703
10,2.537325321396808
11,2.4883427135109217
12,2.4840326320261186
13,2.4789230677874565
14,2.5429622686335724
15,2.437730629746449
16,2.494542677237263
17,2.450101224535476
18,2.439614544614797
19,2.4596272775155716
20,2.4692299032474465
21,2.5142797951523925
22,2.4602219444393376
23,2.450471127574556
24,2.4835026124278996
25,2.480323884277951
26,2.491363447246119
27,2.4054996552745496
28,2.5031454422895942
29,2.4393251573497583
30,2.5438400454241306
31,2.4748769839262987
32,2.513153261777247
1,2.504051109956124
2,2.5291642661070797
3,2.4636014103680055
4,2.506947260160598
5,2.4728840232930187
6,2.5079853669198404
7,2.4985578847746175
8,2.4774226195231255
9,2.4726747625648042
10,2.4790206490627815
11,2.5009770679485763
12,2.473490350607233
13,2.5821916519195005
14,2.5022763385850957
15,2.4998606473218024
16,2.5321055544407414
17,2.5012787363681332
18,2.467540991243911
19,2.4934873093572216
20,2.4859346962298092
21,2.4960591427269847
22,2.477420343545267
23,2.4664301168121825
24,2.490011629330101
25,2.486523809561024
26,2.485167297023791
27,2.4588978709402216
28,2.5108167514648474
29,2.484482664693937
30,2.470752925257785
31,2.46890130863906
32,2.4967138752475946
1,2.6019801263672795
2,2.4653737943954726
3,2.4744881604602114
4,2.4679759460195614
5,2.4205663816768674
6,2.44550225762683
7,2.439820388072475
8,2.5026278499588033
9,2.5021614500585456
10,2.4518904385106923
11,2.4552341540646037
12,2.4580262806978768
13,2.4354044011722378
14,2.4359990680960038
15,2.4598102575239804
16,2.4198076551717
17,2.4793816759231793
18,2.468782925615392
19,2.493677543475466
20,2.557523324829931
21,2.4153916682714627
22,2.6360043281817385
23,2.4548453305985167
24,2.4734171832407355
25,2.4734400466900053
26,2.5155858217482576
27,2.400553648776093
28,2.5496982067097744
29,2.460568984029148
30,2.44550225762683
31,2.492587645828983
32,2.5453919996727064
1,2.9381971508895552
2,2.5880383385978507
3,2.479364414531839
4,2.4781921266285893
5,2.471345087970386
6,2.4842584954829485
7,2.4764755591287506
8,2.496398935784301
9,2.4856493729721922
10,2.4887481116296075
11,2.4838916995542566
12,2.5002888702669064
13,2.4754613185226275
14,2.495300929101438
15,2.5043379247319435
16,2.501287475561156
17,2.4844936562459634
18,2.477099486978881
19,2.465913196131312
20,2.5162083582329213
21,2.4832680226285437
22,2.474090551017386
23,2.4766142057079175
24,2.498339073107891
25,2.460659745732414
26,2.488595366444402
27,2.473036402828616
28,2.47928044672442
29,2.4617670914341936
30,2.464051183602107
31,2.490794680796198
32,2.5062121692472483
