1,1.3963485918713834
2,1.3597484171468428
3,1.3903065117824447
4,1.381989213894515
5,1.3726996622905938
6,1.415390884014876
7,1.3350156702427296
8,1.3816892737647204
9,1.3214240504690504
10,1.425611854306777
11,1.3933714905941834
12,1.390257458178482
13,1.3683743540910909
14,1.3999699091589979
15,1.377679000790529
16,1.4277084617828772
17,1.391170875381643
18,1.3418910017051349
19,1.3659433312634748
20,1.3789265492874987
21,1.381274965769082
22,1.369590447526639
23,1.3307690375646704
24,1.3990453084258818
25,1.3653510455903992
26,1.3449458394536786
27,1.3397058918337303
28,1.3868679437925437
29,1.3482248900134401
30,1.434454122420218
31,1.3422148857886897
32,1.3404595662171679
1,1.3446458845728513
2,1.3515894813856002
3,1.414665385454886
4,1.360145552809854
5,1.3406972042825518
6,1.4004349237670315
7,1.3090365457401116
8,1.3452042233792354
9,1.3766258160050122
10,1.3890040375107857
11,1.4310561682244103
12,1.4677810506523827
13,1.3787480840123205
14,1.4336099044168353
15,1.4075618047834393
16,1.3821319346734986
17,1.404030496106193
18,1.3548676799760042
19,1.3271231643442227
20,1.3506655452646468
21,1.3471562039306617
22,1.3748601715612196
23,1.3091666318519777
24,1.3961919310904443
25,1.3595884146690527
26,1.3295549502181854
27,1.3200190578393836
28,1.399261257217968
29,1.3438359704549807
30,1.3272803325857707
31,1.3285828807004179
32,1.3782025449853152
1,1.3446458845728513
2,1.3515894813856002
3,1.414665385454886
4,1.360145552809854
5,1.3406972042825518
6,1.4004349237670315
7,1.3090365457401116
8,1.3452042233792354
9,1.3766258160050122
10,1.3890040375107857
11,1.4310561682244103
12,1.4677810506523827
13,1.3787480840123205
14,1.4336099044168353
15,1.4075618047834393
16,1.3821319346734986
17,1.404030496106193
18,1.3548676799760042
19,1.3271231643442227
20,1.3506655452646468
21,1.3471562039306617
22,1.3748601715612196
23,1.3091666318519777
24,1.3961919310904443
25,1.3595884146690527
26,1.3295549502181854
27,1.3200190578393836
28,1.399261257217968
29,1.3438359704549807
30,1.3272803325857707
31,1.3285828807004179
32,1.3782025449853152
1,1.3446458845728513
2,1.3515894813856002
3,1.414665385454886
4,1.360145552809854
5,1.3406972042825518
6,1.4004349237670315
7,1.3090365457401116
8,1.3452042233792354
9,1.3766258160050122
10,1.3890040375107857
11,1.4310561682244103
12,1.4677810506523827
13,1.3787480840123205
14,1.4336099044168353
15,1.4075618047834393
16,1.3821319346734986
17,1.404030496106193
18,1.3548676799760042
19,1.3271231643442227
20,1.3506655452646468
21,1.3471562039306617
22,1.3748601715612196
23,1.3091666318519777
24,1.3961919310904443
25,1.3595884146690527
26,1.3295549502181854
27,1.3200190578393836
28,1.399261257217968
29,1.3438359704549807
30,1.3272803325857707
31,1.3285828807004179
32,1.3782025449853152
1,1.3880381791202843
2,1.3269134708419057
3,1.3599342938421752
4,1.3858030719403147
5,1.3957788972428964
6,1.4057366040165067
7,1.3722372488117807
8,1.359372139381331
9,1.3436325462847012
10,1.3784818959790404
11,1.3964870054190683
12,1.3735165013615758
13,1.3719063783419703
14,1.3902819850411774
15,1.3897234380115933
16,1.3666689696780416
17,1.343574118167984
18,1.3586960470373723
19,1.34985321725153
20,1.358087779784211
21,1.3720871086686641
22,1.3814446830822975
23,1.3544650441279467
24,1.3669981814264256
25,1.3562922254285774
26,1.365696556066553
27,1.3628364490867424
28,1.3651050046820254
29,1.383031790499171
30,1.392196882824876
31,1.3252667238434535
32,1.3873155006373734
1,1.3725524262816375
2,1.3622066709688267
3,1.3696781537644172
4,1.3819819634819674
5,1.3752485400755678
6,1.3709457258346818
7,1.378937099436984
8,1.3582315359121349
9,1.3535999754630463
10,1.3705352855785116
11,1.364331107859793
12,1.370666827383318
13,1.5064966907286315
14,1.3659143967927685
15,1.3617129596209474
16,1.359916013099495
17,1.369361512058038
18,1.3634347525868415
19,1.37085098785538
20,1.3528104051307266
21,1.3608887088268378
22,1.354845247288453
23,1.3624769715968768
24,1.3871424624234518
25,1.366648779224024
26,1.37082501384814
27,1.3511892646996448
28,1.3849337457676154
29,1.372015839882969
30,1.368032825772287
31,1.3513869893261194
32,1.3643889106527518
1,1.6138981864788544
2,1.844065464195765
3,1.39738683451802
4,1.3675923104399836
5,1.3681447311341992
6,1.3690985872410497
7,1.3603128320986826
8,1.3616894162636757
9,1.3604556897262314
10,1.3971738132738423
11,1.37530919527404
12,1.388085631947399
13,1.3970368696318527
14,1.335618898434688
15,1.3407910058212842
16,1.3454383532275052
17,1.3791428377151005
18,1.374748729850603
19,1.444968155871965
20,1.3496577500904434
21,1.3449045851109585
22,1.3494794015751126
23,1.3406312953931203
24,1.3582404224744482
25,1.363305504599761
26,1.4283518409550588
27,1.3924867294710945
28,1.388646391510168
29,1.324465338713631
30,1.3698984453034766
31,1.3294929598258456
32,1.3503362233845746
1,2.0786129861734572
2,1.3774805412124322
3,1.3779567240456858
4,1.367725119818247
5,1.372694596123663
6,1.3851874090957506
7,1.3603666450803182
8,1.3659538000294211
9,1.3737048665863598
10,1.369209923582436
11,1.3754602219813792
12,1.3665861385656752
13,1.3429158457734873
14,1.3712729504994137
15,1.3760220251647006
16,1.3805753585649847
17,1.352383173160674
18,1.3574031323914588
19,1.379261033762978
20,1.377218322011162
21,1.3715007597969584
22,1.3559152373739265
23,1.375183891133652
24,1.3639058046149373
25,1.3528531229283085
26,1.3716368861208095
27,1.354211398075104
28,1.3787066944342103
29,1.380834608020128
30,1.3621297462775084
31,1.3686401424178898
32,1.3631791399900646
