1,0.704591743705629
2,0.7009295365760992
3,0.7247130001249167
4,0.6959883610202856
5,0.6945046780765134
6,0.7359466968661305
7,0.6826627048139404
8,0.7028257650579465
9,0.681682614797194
10,0.6871869699180149
11,0.7363618287217941
12,0.7058102276299039
13,0.6697308946359961
14,0.7069837874396085
15,0.6919194594008088
16,0.7118917537054309
17,0.7325283534759772
18,0.6896246291033851
19,0.7192228953215833
20,0.7105490559395125
21,0.6983826005895986
22,0.6888876034422045
23,0.6919193906063639
24,0.7178749929175655
25,0.7003525224482107
26,0.7326026177285229
27,0.7213296891937031
28,0.6839288593096116
29,0.7066562522663056
30,0.6921800737797388
31,0.6994090587614561
32,0.6710478965803717
1,0.7022880230807605
2,0.6854757820564099
3,0.760364581363844
4,0.713079452829628
5,0.6758778570934587
6,0.7248692733428521
7,0.6737272862771144
8,0.7122509444768553
9,0.704368778937792
10,0.6792427734485535
11,0.7063541021733523
12,0.725022719582493
13,0.6504080777318781
14,0.7027150872096765
15,0.6849879074733685
16,0.6812872739283027
17,0.7453523135303022
18,0.6857923018879732
19,0.7042589617150714
20,0.6918817799524255
21,0.6698779249482967
22,0.6729293996662145
23,0.6978167102016841
24,0.7391886866198465
25,0.6775524587161408
26,0.7385976632947048
27,0.739430600185077
28,0.6872901778654257
29,0.6684348350997947
30,0.7087585389706035
31,0.7138546195063016
32,0.6765658287829606
1,0.7022880230807605
2,0.6854757820564099
3,0.760364581363844
4,0.713079452829628
5,0.6758778570934587
6,0.7248692733428521
7,0.6737272862771144
8,0.7122509444768553
9,0.704368778937792
10,0.6792427734485535
11,0.7063541021733523
12,0.725022719582493
13,0.6504080777318781
14,0.7027150872096765
15,0.6849879074733685
16,0.6812872739283027
17,0.7453523135303022
18,0.6857923018879732
19,0.7042589617150714
20,0.6918817799524255
21,0.6698779249482967
22,0.6729293996662145
23,0.6978167102016841
24,0.7391886866198465
25,0.6775524587161408
26,0.7385976632947048
27,0.739430600185077
28,0.6872901778654257
29,0.6684348350997947
30,0.7087585389706035
31,0.7138546195063016
32,0.6765658287829606
1,0.7022880230807605
2,0.6854757820564099
3,0.760364581363844
4,0.713079452829628
5,0.6758778570934587
6,0.7248692733428521
7,0.6737272862771144
8,0.7122509444768553
9,0.704368778937792
10,0.6792427734485535
11,0.7063541021733523
12,0.725022719582493
13,0.6504080777318781
14,0.7027150872096765
15,0.6849879074733685
16,0.6812872739283027
17,0.7453523135303022
18,0.6857923018879732
19,0.7042589617150714
20,0.6918817799524255
21,0.6698779249482967
22,0.6729293996662145
23,0.6978167102016841
24,0.7391886866198465
25,0.6775524587161408
26,0.7385976632947048
27,0.739430600185077
28,0.6872901778654257
29,0.6684348350997947
30,0.7087585389706035
31,0.7138546195063016
32,0.6765658287829606
1,0.6944443066216269
2,0.7054453451230741
3,0.7021845232188364
4,0.7022320986060289
5,0.7174311408321702
6,0.7150299196603688
7,0.6957177760974336
8,0.6949166764045531
9,0.6999871052207891
10,0.6979614313756891
11,0.7156937020562293
12,0.7093653319512727
13,0.6818987643721984
14,0.7048297194657672
15,0.7085836080321292
16,0.7035814126636544
17,0.7153804554760261
18,0.6933998605417928
19,0.7128303672938772
20,0.6865258256664183
21,0.6821423602315501
22,0.6980889200800178
23,0.7015062587837313
24,0.7114488783648023
25,0.6938451556168157
26,0.7120081033583436
27,0.7106748928935378
28,0.684769791105572
29,0.7166796153527941
30,0.7021277176341523
31,0.7086058999645443
32,0.6919291992880422
1,0.6977554994953807
2,0.6944600770636823
3,0.7002665485912429
4,0.6986810169809287
5,0.7046813844170451
6,0.7056566160749744
7,0.6927531291368181
8,0.6948795393871795
9,0.6963728565406695
10,0.7009153585480423
11,0.6948991861216038
12,0.6987224808008112
13,0.7492648534218468
14,0.7017080732019884
15,0.700748552292617
16,0.7008341300721124
17,0.6989394362326968
18,0.6908452963444276
19,0.6971887285382778
20,0.6963080530763583
21,0.6942932526916441
22,0.7001921439403265
23,0.696882287933537
24,0.6999798922972895
25,0.6955341248877596
26,0.6970751881759303
27,0.6975445023784699
28,0.6948003153474063
29,0.7019021645894524
30,0.6972520840278309
31,0.7061262345831741
32,0.6954042336606853
1,1.1221138764014034
2,0.699079332161493
3,0.7032564649621321
4,0.6997108148440687
5,0.6962838823356625
6,0.6984918245618773
7,0.7171004263989257
8,0.7054585055244033
9,0.690145592541164
10,0.7006438809202442
11,0.6884452960513763
12,0.6970215991326618
13,0.7088581036030417
14,0.7093125652753731
15,0.6882861939104534
16,0.7096242767568491
17,0.689638474605178
18,0.7047207557791811
19,0.694169794479087
20,0.7084596453591516
21,0.688129321291912
22,0.6902536109451515
23,0.6900237426053407
24,0.6667702487220017
25,0.6998966305795857
26,0.6954241796650186
27,0.7000913087304335
28,0.7118100850924189
29,0.7186627751135326
30,0.7118342983895102
31,0.7246680079811302
32,0.7061181605952509
1,1.0655607635998334
2,0.7066977936254356
3,0.6978667023174959
4,0.7082736454999295
5,0.701338404815256
6,0.6997791311593947
7,0.6993550107708755
8,0.6924931313965254
9,0.705072368280108
10,0.6980191037149712
11,0.6993738139292733
12,0.6933917522815896
13,0.7007323449927686
14,0.6997716314640748
15,0.6953226176913231
16,0.6955515462180284
17,0.6937304347211959
18,0.6952282985855467
19,0.6920472248089049
20,0.7052613288406957
21,0.6963464866051036
22,0.6954874248631291
23,0.7004868453139139
24,0.6974502425809564
25,0.7002705477299465
26,0.6958719285337467
27,0.6991861089769367
28,0.7004614599823846
29,0.701570897725889
30,0.6976069897756919
31,0.6964967311807265
32,0.6937031014378406
